   1    6.705   23.588    9.151
   2    3.391   21.752    8.493
   3    2.108   19.550    5.646
   4   -1.343   19.973    4.044
   5   -3.133   17.491    1.691
   6   -5.909   18.967   -0.535
   7   -8.737   16.371   -0.933
   8   -6.416   13.330   -0.500
   9   -7.668   10.166   -2.399
  10   -5.614    7.035   -1.321
  11   -5.710    6.182    2.460
  12   -2.393    4.187    2.513
  13   -0.567    7.361    1.246
  14   -2.152    9.473    4.060
  15   -0.985    6.711    6.484
  16    2.617    6.974    5.221
  17    2.466   10.839    5.376
  18    1.289   10.677    9.087
  19    4.444    8.603    9.955
  20    6.533   10.972    7.804
  21    5.140   14.014    9.737
  22    6.248   12.401   13.079
  23    9.827   11.897   11.698
  24   10.269   15.624   10.772
  25    8.110   17.246   13.497
  26    5.376   18.532   11.077
  27    1.623   18.615   11.867
  28   -0.716   17.274    9.083
  29   -3.704   19.264    7.667
  30   -6.359   17.333    5.624
  31   -8.615   19.592    3.479
  32  -12.043   17.898    2.916
  33  -13.563   16.166    1.139
  34  -11.329   13.064    1.673
  35  -11.562   10.068   -0.751
  36  -11.711    7.729    2.337
  37  -13.215    7.600    5.901
  38  -10.789    8.548    8.787
  52   -1.342    8.921   16.016
  53   -4.050   11.405   14.715
  54   -2.857   13.750   17.613
  55   -0.985   15.848   14.970
  56   -3.839   15.625   12.309
  57   -6.398   18.469   11.738
  58   -9.357   18.291    9.261
  59  -10.602   21.491    7.508
  60  -14.094   21.741    5.822
  61  -12.554   23.497    2.770
  62   -9.576   25.595    1.560
  63  -11.008   28.892    2.947
  64  -11.518   27.276    6.438
  65   -7.849   26.061    6.213
  66   -6.746   29.694    5.502
  67   -9.035   30.979    8.354
  68   -7.336   28.452   10.751
  69   -3.762   29.557    9.652
  70   -4.446   33.363   10.026
  71   -5.051   32.897   13.795
  72   -1.838   30.806   14.265
  73    0.911   33.321   13.426
  74    3.335   33.547   10.459
  75    2.766   31.206    7.485
  76    3.305   30.790    3.737
  77    1.599   28.143    1.545
  78    4.079   26.399   -0.847
  79    2.085   24.471   -3.492
  80    3.605   21.336   -5.121
  81    2.854   21.839   -8.889
  82    4.465   21.133  -12.320
  83    3.200   24.658  -13.381
  84    6.397   26.517  -12.382
  85   10.101   26.800  -13.386
  86   11.271   26.860   -9.702
  87   12.207   23.582   -7.939
  88   11.789   22.691   -4.230
  89   15.539   23.587   -3.583
  90   15.153   27.177   -5.053
  91   12.469   28.112   -2.443
  92   13.833   29.511    0.880
  93   11.705   27.990    3.714
  94   10.998   29.649    7.080
  95    9.325   28.596   10.315
  96    5.513   28.530    9.778
  97    5.700   27.367    6.104
  98    2.981   24.910    4.998
  99    3.792   22.344    2.242
 100    0.528   21.831    0.242
 101   -0.093   18.823   -2.085
 102   -3.101   17.932   -4.227
 103   -4.279   14.378   -5.009
 104   -1.662   12.193   -6.750
 105   -3.636   11.836  -10.038
 106   -5.098   15.453  -10.302
 107   -2.747   17.885   -8.449
 108   -4.096   21.222   -7.121
 109   -6.777   23.295   -8.806
 110   -5.842   26.484  -10.719
 111   -7.838   28.726   -8.244
 112   -5.517   27.520   -5.376
 113   -2.218   27.691   -7.370
 114   -2.952   31.136   -8.896
 115   -3.773   32.584   -5.369
 116   -0.040   32.192   -4.488
 117    3.060   34.183   -5.428
 118    5.117   32.489   -8.212
 119    7.983   31.846   -5.660
 120    5.565   29.680   -3.498
 121    4.911   27.312   -6.472
 122    7.440   24.455   -6.415
 123    8.087   21.498   -8.718
 124   10.240   18.446   -7.922
 125   12.816   17.653  -10.670
 126   12.061   14.542  -12.775
 127   13.467   12.656  -15.796
 128   11.530   13.060  -19.099
 129    8.874   10.264  -19.599
 130    8.782    9.328  -15.841
 131    5.348    8.584  -14.198
 132    4.151   11.008  -11.404
 133    5.763   10.355   -7.950
 134    3.837    8.439   -5.310
 135    2.403   11.357   -3.216
 136    4.081   10.237    0.070
 137    7.543   10.179   -1.716
 138    6.871   13.729   -3.064
 139    5.968   14.856    0.535
 140    9.150   13.207    1.953
 141   11.328   14.958   -0.715
 142    9.915   18.462   -0.118
 143    9.610   18.038    3.719
 144   13.268   16.891    4.019
 145   14.498   19.809    1.811
 146   12.615   22.334    4.056
 147   14.024   20.599    7.168
 148   17.559   20.691    5.660
 149   17.297   24.495    5.111
 150   16.054   24.821    8.747
 151   19.196   22.899   10.009
 152   17.106   19.742   10.891
 153   16.181   21.606   14.133
 154   14.756   19.043   16.631
 155   16.490   15.913   15.158
 156   17.892   13.267   17.639
 157   21.630   13.832   18.456
 158   21.506   17.268   16.677
